663430524000   
663430601000   
663430647000   
663430662000   
663430669000   
663430693000   
663430700000   
663430705000   
663430767000   
663430803000   
663430823000   
663430833000   
663430851000   
663430852000   
663430873000   
663430887000   
663430918000   
663430939000   
663430951000   
663430986000   
663431000000   
663431010000   
663431036000   
663431038000   
663431089000   
663431091000   
663431115000   
663431121000   
663431158000   
663431184000   
663431188000   
663431215000   
663431248000   
663431280000   
663431303000   
663431349000   
663431390000   
663431397000   
663431465000   
663431500000   
663431563000   
663431587000   
663431609000   
663431629000   
663431659000   
663431720000   
663431768000   
663431826000   
663431832000   
663431835000   
663431838000   
663431839000   
663431849000   
663431898000   
663431925000   
663431928000   
663431934000   
663431957000   
663431980000   
663431991000   
663432007000   
663432055000   
663432068000   
663432122000   
663432144000   
663432148000   
663432150000   
663432178000   
663432197000   
663432206000   
663432210000   
663432227000   
663432241000   
663432245000   
663432251000   
663432305000   
663432377000   
663432382000   
663432402000   
663442732000
663432456000   
663432460000
663432461000   
663432463000   
663432492000   
663432501000   
663432502000   
663432541000   
663441082000
663432557000   
663432559000   
663432569000   
663432579000   
663432586000   
663432638000   
663432645000   
663432669000   
663432680000   
663432686000   
663432693000   
663432703000   
663432704000   
663432723000   
663432731000   
663432748000   
663432825000   
663432828000   
663432838000   
663432863000   
663432893000   
663432900000   
663432934000   
663432971000   
663432974000   
663432993000   
663432996000   
663433006000   
663433029000   
663433035000   
663433077000   
663433101000   
663433139000   
663433143000   
663433144000   
